[
    32519881,
    32519206,
    32520180,
    32519547,
    32520882,
    32520450,
    32520894,
    32517645,
    32518536,
    32516826,
    32508998,
    32521139,
    32520839,
    32519918,
    32517549,
    32517402,
    32520593,
    32517444,
    32518210,
    32519972,
    32520182,
    32517342,
    32513927,
    32508641,
    32515067,
    32520042,
    32515928,
    32507843,
    32517539,
    32517566,
    32511635,
    32508302,
    32511086,
    32519616,
    32515111,
    32520932,
    32494485,
    32480919,
    32509268,
    32491811,
    32513651,
    32517231,
    32513532,
    32510759,
    32506784,
    32503692,
    32506027,
    32520503,
    32513240,
    32498435,
    32515511,
    32514846,
    32480740,
    32507041,
    32507172,
    32498225,
    32515515,
    32507643,
    32494623,
    32512715,
    32501954,
    32505092,
    32488802,
    32517739,
    32518407,
    32514793,
    32502072,
    32509267,
    32519825,
    32508082,
    32512918,
    32510581,
    32513599,
    32520132,
    32512034,
    32511420,
    32496462,
    32517495,
    32517898,
    32513020,
    32511577,
    32510262,
    32480508,
    32512579,
    32514823,
    32507849,
    32492514,
    32495724,
    32510405,
    32508668,
    32505560,
    32507147,
    32511978,
    32504803,
    32500926,
    32509189,
    32504567,
    32507912,
    32509485,
    32508659,
    32499298,
    32485072,
    32515474,
    32519379,
    32517417,
    32507244,
    32508314,
    32506675,
    32515546,
    32495133,
    32503939,
    32505813,
    32494497,
    32520599,
    32493549,
    32493946,
    32517920,
    32505466,
    32508158,
    32515771,
    32510475,
    32510602,
    32507298,
    32512143,
    32518463,
    32517351,
    32499371,
    32519090,
    32508818,
    32517073,
    32512576,
    32516017,
    32511363,
    32510247,
    32513122,
    32513261,
    32493089,
    32486031,
    32493217,
    32505125,
    32518905,
    32518895,
    32490455,
    32507789,
    32506627,
    32501448,
    32505314,
    32477195,
    32506168,
    32481533,
    32497043,
    32481481,
    32505633,
    32519120,
    32483979,
    32513117,
    32498134,
    32517937,
    32496915,
    32480411,
    32517948,
    32515662,
    32494659,
    32501993,
    32484782,
    32518546,
    32514055,
    32507345,
    32498251,
    32516687,
    32497130,
    32499703,
    32486504,
    32506207,
    32484584,
    32483695,
    32494624,
    32502511,
    32512919,
    32479731,
    32503183,
    32497116,
    32501267,
    32512950,
    32492436,
    32503414,
    32492380,
    32508783,
    32513226,
    32484008,
    32519861,
    32500725,
    32491587,
    32497564,
    32486133,
    32518615,
    32486595,
    32502133,
    32485460,
    32509108,
    32494923,
    32491079,
    32490736,
    32520092,
    32494200,
    32483846,
    32510830,
    32494111,
    32484156,
    32482523,
    32510731,
    32519666,
    32495274,
    32494244,
    32507069,
    32501557,
    32496540,
    32504492,
    32517883,
    32487190,
    32506495,
    32511588,
    32480054,
    32498304,
    32490194,
    32496168,
    32515533,
    32491440,
    32510918,
    32496749,
    32499142,
    32514377,
    32513420,
    32502321,
    32514087,
    32508339,
    32482034,
    32496642,
    32512980,
    32516810,
    32517574,
    32500912,
    32501165,
    32491901,
    32516745,
    32519847,
    32494606,
    32513143,
    32514517,
    32500151,
    32479968,
    32497657,
    32517926,
    32487738,
    32492977,
    32487430,
    32516872,
    32512262,
    32510033,
    32506871,
    32513034,
    32485178,
    32517516,
    32484286,
    32513990,
    32507576,
    32507925,
    32495896,
    32494454,
    32495227,
    32519082,
    32509239,
    32490831,
    32488308,
    32511031,
    32480009,
    32506229,
    32491050,
    32507468,
    32504463,
    32517625,
    32490866,
    32497225,
    32488739,
    32489099,
    32490401,
    32507243,
    32490953,
    32496526,
    32517531,
    32515520,
    32510133,
    32517501,
    32516876,
    32491973,
    32506868,
    32517482,
    32516801,
    32497061,
    32487856,
    32480881,
    32503051,
    32511313,
    32513145,
    32484807,
    32507500,
    32498193,
    32488674,
    32481111,
    32512855,
    32497860,
    32482563,
    32483077,
    32511567,
    32487073,
    32482211,
    32510366,
    32488494,
    32489867,
    32503650,
    32511218,
    32499254,
    32501731,
    32514413,
    32516369,
    32480600,
    32503090,
    32479659,
    32507794,
    32505546,
    32490350,
    32479808,
    32503538,
    32483870,
    32513488,
    32498569,
    32517108,
    32517096,
    32503124,
    32501015,
    32508203,
    32509037,
    32517074,
    32476262,
    32496909,
    32514900,
    32486985,
    32481340,
    32476668,
    32513133,
    32495372,
    32504826,
    32479888,
    32482997,
    32489998,
    32494915,
    32503739,
    32484569,
    32499532,
    32504807,
    32509216,
    32516668,
    32482049,
    32489173,
    32496547,
    32509148,
    32510622,
    32480755,
    32510354,
    32482879,
    32484206,
    32517688,
    32505810,
    32488049,
    32502710,
    32478492,
    32506400,
    32508254,
    32509555,
    32516291,
    32481931,
    32509494,
    32477212,
    32476445,
    32505319,
    32512775,
    32496470,
    32480603,
    32514407,
    32494208,
    32509971,
    32501516,
    32485758,
    32481270,
    32514260,
    32495091,
    32512403,
    32493962,
    32478808,
    32507529,
    32480704,
    32491275,
    32500559,
    32484901,
    32500060,
    32516562,
    32504933,
    32485214,
    32499455,
    32494872,
    32504225,
    32513389,
    32497393,
    32508505,
    32505501,
    32485125,
    32511160,
    32494571,
    32503908,
    32515425,
    32482323,
    32497394,
    32512957,
    32476943,
    32484800,
    32503541,
    32491840,
    32481498,
    32515184,
    32483211,
    32492296,
    32498154,
    32494526,
    32496952,
    32482007,
    32514857,
    32487645,
    32509607,
    32512191,
    32496163,
    32507342,
    32502234,
    32482716,
    32493318,
    32490611,
    32495589,
    32481167,
    32505514,
    32481560,
    32503751,
    32494880,
    32494635,
    32484321,
    32500766,
    32500649,
    32513785,
    32510786,
    32494158,
    32508895,
    32505725,
    32497545,
    32507945,
    32497309,
    32503717,
    32499466,
    32479489,
    32508115,
    32477149,
    32518023,
    32509898,
    32508258,
    32490966,
    32498621,
    32485179,
    32512915,
    32509343,
    32492867,
    32495292,
    32509172,
    32478642,
    32500717,
    32504716,
    32483707,
    32508890,
    32488473,
    32481825,
    32512397,
    32487736,
    32505615,
    32493173,
    32501677,
    32478906,
    32506806,
    32506720,
    32515481,
    32488563,
    32482714,
    32495602,
    32499411,
    32475982
]